# Baseline results for ESC-10

Labels:
['Dog bark',
 'Rain',
 'Sea waves',
 'Baby cry',
 'Clock tick',
 'Person sneeze',
 'Helicopter',
 'Chainsaw',
 'Rooster',
 'Fire crackling']


Classifying fold 1 with k-NN classifier. Accuracy: 58.7%
Confusion matrix:
 array([[4, 0, 0, 0, 0, 3, 0, 0, 1, 0],
       [0, 4, 1, 0, 0, 0, 2, 1, 0, 0],
       [0, 0, 8, 0, 0, 0, 0, 0, 0, 0],
       [1, 0, 0, 7, 0, 0, 0, 0, 0, 0],
       [0, 0, 0, 0, 3, 1, 2, 0, 1, 1],
       [0, 0, 0, 0, 0, 8, 0, 0, 0, 0],
       [0, 2, 1, 0, 0, 0, 2, 0, 0, 3],
       [0, 0, 8, 0, 0, 0, 0, 0, 0, 0],
       [0, 0, 0, 0, 0, 2, 0, 0, 6, 0],
       [0, 0, 0, 0, 1, 1, 0, 1, 0, 5]]) 

Classifying fold 2 with k-NN classifier. Accuracy: 72.5%
Confusion matrix:
 array([[5, 0, 0, 0, 0, 2, 0, 0, 1, 0],
       [0, 6, 0, 0, 1, 0, 0, 1, 0, 0],
       [0, 0, 8, 0, 0, 0, 0, 0, 0, 0],
       [0, 0, 0, 7, 0, 1, 0, 0, 0, 0],
       [1, 0, 0, 1, 2, 3, 0, 0, 0, 1],
       [0, 0, 0, 0, 0, 8, 0, 0, 0, 0],
       [0, 0, 2, 0, 0, 0, 6, 0, 0, 0],
       [0, 2, 1, 0, 0, 0, 0, 5, 0, 0],
       [0, 0, 0, 1, 1, 1, 0, 0, 5, 0],
       [0, 0, 0, 0, 2, 0, 0, 0, 0, 6]]) 

Classifying fold 3 with k-NN classifier. Accuracy: 67.5%
Confusion matrix:
 array([[5, 0, 0, 1, 0, 1, 0, 0, 1, 0],
       [0, 4, 1, 0, 0, 0, 3, 0, 0, 0],
       [0, 0, 7, 0, 0, 0, 0, 0, 1, 0],
       [0, 0, 0, 8, 0, 0, 0, 0, 0, 0],
       [0, 0, 0, 3, 2, 1, 0, 0, 0, 2],
       [0, 0, 0, 0, 0, 7, 0, 0, 0, 1],
       [0, 0, 0, 0, 0, 0, 7, 0, 1, 0],
       [0, 3, 2, 0, 0, 0, 0, 3, 0, 0],
       [0, 0, 0, 0, 0, 2, 0, 0, 6, 0],
       [0, 0, 0, 0, 0, 2, 0, 1, 0, 5]]) 

Classifying fold 4 with k-NN classifier. Accuracy: 72.5%
Confusion matrix:
 array([[7, 0, 0, 0, 0, 1, 0, 0, 0, 0],
       [0, 3, 1, 0, 0, 0, 0, 3, 0, 1],
       [0, 0, 7, 0, 0, 0, 1, 0, 0, 0],
       [0, 0, 0, 6, 0, 1, 0, 1, 0, 0],
       [0, 0, 0, 0, 1, 2, 1, 2, 1, 1],
       [1, 0, 0, 0, 0, 7, 0, 0, 0, 0],
       [0, 0, 0, 0, 0, 0, 7, 0, 1, 0],
       [0, 0, 2, 0, 0, 0, 0, 6, 0, 0],
       [1, 0, 0, 0, 0, 0, 0, 0, 7, 0],
       [0, 0, 0, 0, 1, 0, 0, 0, 0, 7]]) 

Classifying fold 5 with k-NN classifier. Accuracy: 62.5%
Confusion matrix:
 array([[6, 0, 0, 0, 0, 1, 0, 0, 1, 0],
       [0, 7, 0, 0, 0, 1, 0, 0, 0, 0],
       [0, 2, 6, 0, 0, 0, 0, 0, 0, 0],
       [1, 0, 0, 6, 0, 0, 0, 1, 0, 0],
       [0, 1, 0, 2, 3, 1, 0, 0, 1, 0],
       [0, 0, 0, 0, 1, 7, 0, 0, 0, 0],
       [1, 0, 1, 0, 3, 0, 3, 0, 0, 0],
       [0, 3, 0, 0, 1, 0, 2, 2, 0, 0],
       [2, 0, 0, 0, 0, 0, 0, 0, 6, 0],
       [0, 1, 0, 0, 1, 2, 0, 0, 0, 4]]) 

Average accuracy: 66.7%


Classifying fold 1 with Random Forest classifier. Accuracy: 57.5%
Confusion matrix:
 array([[6, 0, 0, 0, 0, 2, 0, 0, 0, 0],
       [0, 4, 1, 0, 0, 0, 3, 0, 0, 0],
       [0, 1, 6, 0, 0, 0, 0, 1, 0, 0],
       [0, 0, 0, 5, 2, 1, 0, 0, 0, 0],
       [0, 0, 0, 0, 1, 1, 2, 0, 1, 3],
       [1, 0, 0, 1, 0, 6, 0, 0, 0, 0],
       [0, 4, 0, 0, 0, 0, 2, 1, 0, 1],
       [0, 0, 3, 0, 0, 0, 0, 5, 0, 0],
       [1, 0, 0, 0, 1, 1, 0, 0, 5, 0],
       [0, 1, 0, 0, 1, 0, 0, 0, 0, 6]]) 

Classifying fold 2 with Random Forest classifier. Accuracy: 77.5%
Confusion matrix:
 array([[7, 0, 0, 1, 0, 0, 0, 0, 0, 0],
       [0, 5, 0, 0, 0, 0, 1, 1, 0, 1],
       [0, 0, 6, 0, 0, 0, 0, 2, 0, 0],
       [0, 0, 0, 8, 0, 0, 0, 0, 0, 0],
       [0, 0, 0, 2, 5, 0, 0, 0, 0, 1],
       [0, 0, 0, 0, 0, 8, 0, 0, 0, 0],
       [0, 1, 0, 0, 0, 0, 6, 1, 0, 0],
       [0, 3, 2, 0, 0, 0, 0, 3, 0, 0],
       [1, 0, 0, 0, 0, 1, 0, 0, 6, 0],
       [0, 0, 0, 0, 0, 0, 0, 0, 0, 8]]) 

Classifying fold 3 with Random Forest classifier. Accuracy: 77.5%
Confusion matrix:
 array([[6, 0, 0, 1, 0, 1, 0, 0, 0, 0],
       [0, 4, 0, 0, 0, 0, 3, 0, 0, 1],
       [0, 1, 5, 0, 1, 0, 0, 1, 0, 0],
       [0, 0, 0, 8, 0, 0, 0, 0, 0, 0],
       [0, 0, 0, 0, 7, 0, 0, 0, 0, 1],
       [0, 0, 0, 0, 1, 6, 0, 0, 0, 1],
       [1, 0, 0, 0, 0, 0, 7, 0, 0, 0],
       [0, 1, 1, 0, 0, 0, 1, 5, 0, 0],
       [0, 0, 0, 0, 0, 0, 0, 0, 8, 0],
       [0, 0, 0, 1, 1, 0, 0, 0, 0, 6]]) 

Classifying fold 4 with Random Forest classifier. Accuracy: 77.5%
Confusion matrix:
 array([[7, 0, 0, 0, 0, 1, 0, 0, 0, 0],
       [0, 7, 1, 0, 0, 0, 0, 0, 0, 0],
       [0, 0, 7, 0, 0, 0, 1, 0, 0, 0],
       [0, 0, 0, 6, 1, 1, 0, 0, 0, 0],
       [0, 0, 0, 1, 3, 1, 0, 2, 0, 1],
       [0, 0, 0, 0, 0, 7, 0, 0, 1, 0],
       [0, 0, 0, 0, 0, 1, 7, 0, 0, 0],
       [0, 1, 1, 0, 1, 0, 2, 3, 0, 0],
       [1, 0, 0, 0, 0, 0, 0, 0, 7, 0],
       [0, 0, 0, 0, 0, 0, 0, 0, 0, 8]]) 

Classifying fold 5 with Random Forest classifier. Accuracy: 73.7%
Confusion matrix:
 array([[5, 0, 0, 1, 0, 1, 0, 0, 1, 0],
       [0, 6, 0, 0, 0, 0, 1, 0, 0, 1],
       [0, 1, 7, 0, 0, 0, 0, 0, 0, 0],
       [1, 0, 0, 7, 0, 0, 0, 0, 0, 0],
       [0, 0, 0, 3, 3, 1, 0, 0, 1, 0],
       [1, 0, 0, 1, 0, 6, 0, 0, 0, 0],
       [0, 2, 0, 0, 0, 0, 6, 0, 0, 0],
       [0, 1, 0, 0, 0, 0, 2, 5, 0, 0],
       [1, 0, 0, 0, 0, 0, 0, 0, 7, 0],
       [0, 0, 0, 0, 1, 0, 0, 0, 0, 7]]) 

Average accuracy: 72.7%


Classifying fold 1 with Support Vector Machine (SVM) classifier. Accuracy: 57.5%
Confusion matrix:
 array([[6, 0, 0, 0, 1, 1, 0, 0, 0, 0],
       [0, 2, 2, 0, 0, 0, 1, 3, 0, 0],
       [0, 0, 7, 0, 0, 0, 1, 0, 0, 0],
       [1, 0, 0, 5, 2, 0, 0, 0, 0, 0],
       [0, 1, 1, 0, 2, 2, 0, 0, 1, 1],
       [2, 0, 0, 0, 0, 6, 0, 0, 0, 0],
       [0, 4, 0, 0, 0, 0, 2, 0, 0, 2],
       [0, 0, 4, 0, 0, 0, 0, 4, 0, 0],
       [1, 0, 0, 0, 0, 1, 0, 0, 6, 0],
       [0, 0, 0, 0, 1, 0, 0, 1, 0, 6]]) 

Classifying fold 2 with Support Vector Machine (SVM) classifier. Accuracy: 78.7%
Confusion matrix:
 array([[8, 0, 0, 0, 0, 0, 0, 0, 0, 0],
       [0, 6, 0, 0, 0, 0, 0, 1, 0, 1],
       [0, 0, 7, 0, 0, 0, 0, 1, 0, 0],
       [0, 0, 0, 7, 1, 0, 0, 0, 0, 0],
       [1, 0, 0, 1, 5, 1, 0, 0, 0, 0],
       [0, 0, 0, 0, 0, 8, 0, 0, 0, 0],
       [1, 2, 2, 0, 0, 0, 2, 1, 0, 0],
       [0, 2, 0, 0, 0, 0, 0, 6, 0, 0],
       [1, 0, 0, 0, 1, 0, 0, 0, 6, 0],
       [0, 0, 0, 0, 0, 0, 0, 0, 0, 8]]) 

Classifying fold 3 with Support Vector Machine (SVM) classifier. Accuracy: 65.0%
Confusion matrix:
 array([[5, 0, 0, 2, 0, 1, 0, 0, 0, 0],
       [0, 3, 1, 0, 0, 0, 1, 2, 0, 1],
       [0, 1, 4, 0, 1, 0, 2, 0, 0, 0],
       [0, 0, 0, 8, 0, 0, 0, 0, 0, 0],
       [0, 0, 0, 0, 6, 1, 0, 1, 0, 0],
       [0, 0, 0, 0, 3, 5, 0, 0, 0, 0],
       [0, 0, 1, 0, 0, 0, 7, 0, 0, 0],
       [0, 1, 1, 1, 0, 0, 2, 3, 0, 0],
       [0, 0, 0, 0, 0, 2, 0, 0, 6, 0],
       [0, 1, 0, 1, 0, 1, 0, 0, 0, 5]]) 

Classifying fold 4 with Support Vector Machine (SVM) classifier. Accuracy: 73.7%
Confusion matrix:
 array([[8, 0, 0, 0, 0, 0, 0, 0, 0, 0],
       [0, 8, 0, 0, 0, 0, 0, 0, 0, 0],
       [0, 1, 6, 0, 0, 0, 0, 1, 0, 0],
       [0, 0, 0, 6, 0, 1, 0, 1, 0, 0],
       [1, 0, 0, 0, 5, 0, 1, 1, 0, 0],
       [1, 0, 0, 0, 1, 6, 0, 0, 0, 0],
       [1, 0, 0, 0, 0, 0, 7, 0, 0, 0],
       [0, 3, 0, 0, 1, 0, 2, 2, 0, 0],
       [2, 0, 0, 0, 0, 0, 0, 0, 6, 0],
       [0, 1, 0, 0, 2, 0, 0, 0, 0, 5]]) 

Classifying fold 5 with Support Vector Machine (SVM) classifier. Accuracy: 62.5%
Confusion matrix:
 array([[6, 0, 0, 1, 1, 0, 0, 0, 0, 0],
       [0, 6, 0, 0, 0, 1, 1, 0, 0, 0],
       [0, 3, 5, 0, 0, 0, 0, 0, 0, 0],
       [1, 0, 1, 6, 0, 0, 0, 0, 0, 0],
       [3, 1, 0, 2, 2, 0, 0, 0, 0, 0],
       [1, 0, 0, 1, 1, 5, 0, 0, 0, 0],
       [0, 1, 0, 0, 0, 0, 7, 0, 0, 0],
       [0, 5, 0, 0, 0, 0, 1, 1, 0, 1],
       [0, 0, 0, 0, 0, 0, 0, 0, 8, 0],
       [0, 1, 0, 0, 1, 2, 0, 0, 0, 4]]) 

Average accuracy: 67.5%
